term,tag,value,pstv,neut,ngtv,dunno,distortion
аборт,NGTV,-0.7832,0.0686,0.2647,0.5784,0.0882,0.0768
абсурдность,NGTV,-1.0,0.0,0.04,0.96,0.0,0.0
абсурдный,NGTV,-0.9,0.0706,0.2235,0.6706,0.0353,0.078
аварийный,NGTV,-1.0,0.0714,0.1571,0.6571,0.1143,0.0792
авария,NGTV,-1.0,0.08,0.04,0.84,0.04,0.0876
авиакатастрофа,NGTV,-0.9828,0.0769,0.1923,0.7308,0.0,0.085
авитаминоз,NGTV,-1.0,0.0,0.12,0.8,0.08,0.0
автокатастрофа,NGTV,-1.0,0.0,0.16,0.8,0.04,0.0
авторитет,PSTV,0.9,0.5660000000000001,0.1887,0.0755,0.1698,0.0855
авторитетность,PSTV,0.9,0.6923,0.2308,0.0769,0.0,0.0855
авторитетный,PSTV,1.0,0.75,0.1786,0.0357,0.0357,0.0374
автоугонщик,NGTV,-1.0,0.0357,0.1071,0.8571,0.0,0.0372
агония,NGTV,-1.0,0.0385,0.1154,0.5769,0.2692,0.040999999999999995
агрессивность,NGTV,-1.0,0.08,0.12,0.76,0.04,0.0884
агрессивный,NGTV,-1.0,0.0385,0.0769,0.8846,0.0,0.0401
агрессия,NGTV,-1.0,0.04,0.08,0.8,0.08,0.042
адаптировать,PSTV,0.9194,0.7037,0.2222,0.037000000000000005,0.037000000000000005,0.039
адекватность,PSTV,0.9706,0.7857,0.2143,0.0,0.0,0.0
адекватный,PSTV,1.0,0.8077,0.0769,0.0769,0.0385,0.0842
адски,NGTV,-1.0,0.0,0.0769,0.8846,0.0385,0.0
адский,NGTV,-1.0,0.04,0.12,0.84,0.0,0.0419
аккуратненький,PSTV,1.0,0.72,0.16,0.0,0.12,0.0
аккуратненько,PSTV,0.9828,0.76,0.2,0.04,0.0,0.0421
аккуратность,PSTV,1.0,0.76,0.16,0.0,0.08,0.0
аккуратный,PSTV,1.0,0.8846,0.1154,0.0,0.0,0.0
актив,PSTV,0.8859999999999999,0.6235,0.21600000000000003,0.0309,0.1296,0.0324
активист,PSTV,1.0,0.72,0.16,0.04,0.08,0.0422
активистка,PSTV,0.84,0.5437,0.2136,0.1068,0.1359,0.1278
активность,PSTV,0.8158,0.62,0.26,0.05,0.07,0.054000000000000006
активный,PSTV,1.0,0.72,0.16,0.04,0.08,0.0422
актуальность,PSTV,1.0,0.84,0.08,0.0,0.08,0.0
аленький,PSTV,0.9179,0.7069,0.2241,0.0345,0.0345,0.0362
алкашка,NGTV,-1.0,0.08,0.0,0.88,0.04,0.0873
алкоголизм,NGTV,-0.9828,0.0,0.2,0.76,0.04,0.0
алкоголичка,NGTV,-0.9146,0.0294,0.2353,0.7353,0.0,0.0306
алкогольный,NGTV,-0.6859999999999999,0.0577,0.3365,0.5673,0.0385,0.0636
алконавт,NGTV,-1.0,0.08,0.12,0.68,0.12,0.0894
аллергический,NGTV,-0.7241,0.05,0.3,0.56,0.09,0.0545
аллергия,NGTV,-1.0,0.0667,0.1333,0.7333,0.0667,0.0727
амбал,NGTV,-0.6818,0.07,0.3,0.5,0.13,0.0798
аморальность,NGTV,-1.0,0.0571,0.0857,0.7429,0.1143,0.0615
аморальный,NGTV,-1.0,0.08,0.04,0.8,0.08,0.08800000000000001
анархистский,NGTV,-0.6308,0.0693,0.3069,0.4455,0.1782,0.0801
анархия,NGTV,-0.7,0.06,0.28,0.49,0.17,0.0673
ангел,PSTV,1.0,0.92,0.08,0.0,0.0,0.0
ангелок,PSTV,1.0,0.8276,0.0345,0.069,0.069,0.0747
ангелочек,PSTV,1.0,0.92,0.08,0.0,0.0,0.0
ангельски,PSTV,1.0,0.8846,0.0385,0.0,0.0769,0.0
ангина,NGTV,-0.9,0.0833,0.2222,0.6667,0.0278,0.0938
анекдот,PSTV,1.0,0.8077,0.1923,0.0,0.0,0.0
анорексия,NGTV,-1.0,0.0,0.1111,0.8148,0.0741,0.0
антагонист,NGTV,-0.7247,0.0667,0.21899999999999997,0.4095,0.3048,0.0775
антагонистический,NGTV,-0.6515,0.0577,0.2692,0.4135,0.2596,0.0657
антивирус,PSTV,1.0,0.76,0.16,0.08,0.0,0.0884
антигерой,NGTV,-0.8421,0.0495,0.2475,0.6337,0.0693,0.0534
антинаучный,NGTV,-0.7018,0.1188,0.2871,0.505,0.0891,0.1468
антисанитария,NGTV,-1.0,0.08,0.12,0.68,0.12,0.0894
аплодировать,PSTV,1.0,0.84,0.12,0.0,0.04,0.0
аплодисменты,PSTV,1.0,0.7308,0.1154,0.0769,0.0769,0.085
апокалипсис,NGTV,-1.0,0.0667,0.0,0.9333,0.0,0.0714
аппетитность,PSTV,0.8365,0.58,0.23,0.04,0.15,0.0428
аппетитный,PSTV,1.0,0.8,0.12,0.0,0.08,0.0
аргументированность,PSTV,0.8276,0.6275,0.2549,0.0196,0.098,0.0202
арест,NGTV,-1.0,0.0385,0.0769,0.7308,0.1538,0.0405
арестование,NGTV,-0.8939,0.1287,0.198,0.5842,0.0891,0.1571
арестовать,NGTV,-0.9,0.0571,0.2286,0.6857,0.0286,0.0619
арестовывать,NGTV,-0.9324,0.0882,0.2059,0.6765,0.0294,0.0997
аритмия,NGTV,-0.9,0.087,0.1957,0.5870000000000001,0.1304,0.0998
ароматичность,PSTV,0.9,0.6207,0.2069,0.069,0.1034,0.0766
ароматный,PSTV,0.9706,0.7333,0.2,0.0,0.0667,0.0
артистический,PSTV,0.8056,0.58,0.25,0.08,0.09,0.091
артистичный,PSTV,0.9643,0.72,0.2,0.04,0.04,0.0422
артрит,NGTV,-1.0,0.0875,0.1375,0.65,0.125,0.0993
атака,NGTV,-0.7308,0.0777,0.2913,0.5534,0.0777,0.0886
атаковать,NGTV,-0.6538,0.0792,0.3267,0.505,0.0891,0.0916
аутизм,NGTV,-0.677,0.07,0.31,0.51,0.11,0.0796
афера,NGTV,-1.0,0.08,0.12,0.72,0.08,0.0889
аферист,NGTV,-1.0,0.0769,0.0,0.8846,0.0385,0.0836
аферистка,NGTV,-1.0,0.0857,0.0571,0.8286,0.0286,0.0946
ахинея,NGTV,-0.9,0.0714,0.1667,0.5,0.2619,0.0816
баба-яга,NGTV,-0.9242,0.1154,0.1827,0.5865,0.1154,0.1381
бабай,NGTV,-1.0,0.0,0.12,0.68,0.2,0.0
бабища,NGTV,-0.9,0.13,0.18,0.54,0.15,0.1613
бабник,NGTV,-1.0,0.0889,0.0889,0.8,0.0222,0.0988
бабуля,PSTV,0.9828,0.76,0.2,0.0,0.04,0.0
бабуся,PSTV,1.0,0.6522,0.1522,0.087,0.1087,0.0986
бабушка,PSTV,0.9247,0.7031,0.2188,0.0156,0.0625,0.016
баг,NGTV,-0.9,0.0833,0.1548,0.4643,0.2976,0.0983
базарить,NGTV,-0.8333,0.0396,0.2574,0.6436,0.0594,0.042
бал-маскарад,PSTV,0.9,0.6545,0.2182,0.0,0.1273,0.0
балабол,NGTV,-0.9,0.0417,0.2083,0.625,0.125,0.0444
балаган,NGTV,-0.9286,0.0238,0.1905,0.619,0.1667,0.0247
баламутить,NGTV,-0.9066,0.0851,0.1915,0.5851,0.1383,0.0975
балбес,NGTV,-0.9643,0.04,0.2,0.72,0.04,0.0422
балда,NGTV,-0.995,0.1176,0.1667,0.6569,0.0588,0.1387
балдёж,PSTV,0.9677,0.604,0.1287,0.1584,0.1089,0.2
баловень,NGTV,-0.9783,0.0769,0.1538,0.5769,0.1923,0.0872
баловство,NGTV,-0.6395,0.1028,0.3458,0.514,0.0374,0.1234
банальщина,NGTV,-0.7759,0.02,0.28,0.6,0.1,0.0207
банда,NGTV,-0.8514,0.0297,0.2376,0.6238,0.1089,0.0311
бандит,NGTV,-1.0,0.0667,0.0667,0.7667,0.1,0.0725
бандитизм,NGTV,-1.0,0.08,0.12,0.72,0.08,0.0889
бандитка,NGTV,-1.0,0.04,0.12,0.8,0.04,0.042
бандитский,NGTV,-1.0,0.0,0.16,0.84,0.0,0.0
бандюган,NGTV,-1.0,0.0,0.0345,0.9309999999999999,0.0345,0.0
банить,NGTV,-1.0,0.08,0.12,0.64,0.16,0.09
банкрот,NGTV,-1.0,0.0,0.1111,0.8519,0.037000000000000005,0.0
банька,PSTV,0.9,0.619,0.2063,0.0794,0.0952,0.0895
барахло,NGTV,-0.7051,0.09,0.31,0.55,0.05,0.1047
бардак,NGTV,-1.0,0.0357,0.1786,0.7857,0.0,0.0373
бастовать,NGTV,-0.9194,0.0625,0.1875,0.5938,0.1563,0.0691
бастующий,NGTV,-0.9194,0.0303,0.1818,0.5758,0.2121,0.0319
басурманин,NGTV,-0.7737,0.07,0.23,0.49,0.21,0.08
батюшка,PSTV,1.0,0.6538,0.1538,0.0385,0.1538,0.0407
бацилла,NGTV,-1.0,0.0,0.1154,0.7692,0.1154,0.0
башка,NGTV,-0.6714,0.09,0.29,0.47,0.15,0.1072
баюкать,PSTV,1.0,0.7407,0.1852,0.0,0.0741,0.0
бдительность,PSTV,0.9,0.6818,0.2273,0.0682,0.0227,0.075
бдительный,PSTV,0.9,0.7,0.2333,0.0667,0.0,0.073
беглец,NGTV,-0.69,0.1089,0.2673,0.4554,0.1683,0.135
беда,NGTV,-1.0,0.04,0.0,0.96,0.0,0.0417
беднейший,NGTV,-1.0,0.0714,0.1429,0.6786,0.1071,0.0789
бедненький,NGTV,-0.7368,0.1068,0.2816,0.5437,0.068,0.1278
беднеть,NGTV,-1.0,0.0667,0.1,0.7333,0.1,0.0727
бедность,NGTV,-0.9375,0.0357,0.2143,0.7143,0.0357,0.0375
беднота,NGTV,-0.9,0.0435,0.2174,0.6522,0.087,0.0464
бедный,NGTV,-0.9167,0.0313,0.2188,0.6875,0.0625,0.0327
бедняга,NGTV,-0.7571,0.11,0.26,0.53,0.1,0.1328
бедняк,NGTV,-0.8491,0.08,0.23,0.6,0.09,0.0907
бедолага,NGTV,-0.6429,0.0891,0.3366,0.505,0.0693,0.1048
бедствие,NGTV,-1.0,0.0,0.1071,0.8571,0.0357,0.0
безаварийный,PSTV,0.9,0.6563,0.2188,0.0625,0.0625,0.0685
безалаберность,NGTV,-1.0,0.08,0.04,0.72,0.16,0.0889
безалаберный,NGTV,-1.0,0.0882,0.0588,0.7941,0.0588,0.098
безальтернативность,NGTV,-0.6391,0.0811,0.2973,0.4414,0.1802,0.096
безбедный,PSTV,1.0,0.6667,0.1481,0.037000000000000005,0.1481,0.0391
безбилетник,NGTV,-1.0,0.0,0.1481,0.6296,0.2222,0.0
безбилетница,NGTV,-1.0,0.08,0.12,0.68,0.12,0.0894
безбилетный,NGTV,-0.7314,0.05,0.31,0.59,0.05,0.0542
безбожие,NGTV,-0.7212,0.0865,0.2596,0.4808,0.1731,0.1021
безболезненный,PSTV,0.9112,0.65,0.21,0.09,0.05,0.1025
безвкусие,NGTV,-0.9,0.0541,0.2162,0.6486,0.0811,0.0586
безвкусица,NGTV,-0.9545,0.0,0.2222,0.7778,0.0,0.0
безвластие,NGTV,-0.875,0.0865,0.1923,0.5385,0.1827,0.1004
безвозвратный,NGTV,-0.6667,0.0762,0.2857,0.4571,0.18100000000000002,0.0889
безволие,NGTV,-1.0,0.04,0.08,0.84,0.04,0.0419
безвредный,PSTV,0.9,0.6857,0.2286,0.0571,0.0286,0.0619
безвыходность,NGTV,-1.0,0.0,0.1538,0.7308,0.1154,0.0
безвыходный,NGTV,-1.0,0.08,0.08,0.8,0.04,0.08800000000000001
безголовость,NGTV,-1.0,0.0,0.1481,0.7407,0.1111,0.0
безголовый,NGTV,-1.0,0.04,0.0,0.92,0.04,0.0417
безголосый,NGTV,-0.7437,0.0784,0.2941,0.5784,0.049,0.0891
безграмотность,NGTV,-1.0,0.0,0.12,0.84,0.04,0.0
безграмотный,NGTV,-1.0,0.04,0.04,0.92,0.0,0.0417
безгрешный,PSTV,1.0,0.64,0.16,0.11,0.09,0.1289
бездарность,NGTV,-1.0,0.0887,0.0887,0.7339,0.0887,0.0994
бездарный,NGTV,-1.0,0.0385,0.0385,0.8846,0.0385,0.0401
бездействие,NGTV,-0.625,0.07,0.35,0.5,0.08,0.0798
бездействовать,NGTV,-0.6466,0.0792,0.3267,0.495,0.099,0.0919
безделица,NGTV,-0.6898,0.0614,0.3246,0.5526,0.0614,0.0682
безделье,NGTV,-0.7941,0.0583,0.2718,0.6117,0.0583,0.0638
бездельник,NGTV,-1.0,0.0741,0.1481,0.7778,0.0,0.0811
бездельница,NGTV,-0.9054,0.0505,0.2222,0.6768,0.0505,0.0543
бездельничать,NGTV,-1.0,0.0,0.1622,0.7838,0.0541,0.0
бездельный,NGTV,-0.9,0.0,0.2292,0.6875,0.0833,0.0
безденежный,NGTV,-1.0,0.08,0.16,0.76,0.0,0.0884
бездетность,NGTV,-0.6795,0.04,0.32,0.53,0.11,0.043
бездеятельный,NGTV,-0.9,0.0263,0.2105,0.6316,0.1316,0.0274
бездомный,NGTV,-1.0,0.0,0.1923,0.7692,0.0385,0.0
бездорожье,NGTV,-0.75,0.0588,0.2647,0.5294,0.1471,0.0654
бездумность,NGTV,-1.0,0.0875,0.1375,0.7,0.075,0.0984
бездумный,NGTV,-0.8839,0.0727,0.2091,0.6,0.1182,0.0815
бездушие,NGTV,-1.0,0.0357,0.1429,0.75,0.0714,0.0374
бездушный,NGTV,-1.0,0.0588,0.1176,0.7059,0.1176,0.0637
безжалостность,NGTV,-1.0,0.0,0.04,0.92,0.04,0.0
безжалостный,NGTV,-1.0,0.0,0.1154,0.8846,0.0,0.0
безжизненный,NGTV,-0.9255,0.0222,0.2,0.6444,0.1333,0.023
беззаконие,NGTV,-1.0,0.0,0.04,0.88,0.08,0.0
беззаконник,NGTV,-0.9444,0.04,0.2,0.68,0.08,0.0424
беззаконный,NGTV,-1.0,0.04,0.04,0.88,0.04,0.0418
беззащитность,NGTV,-0.7709999999999999,0.1188,0.2574,0.5446,0.0792,0.1447
беззубый,NGTV,-0.7377,0.0583,0.301,0.5825,0.0583,0.0641
безмозглость,NGTV,-1.0,0.08,0.16,0.76,0.0,0.0884
безмозглый,NGTV,-1.0,0.0345,0.0345,0.8276,0.1034,0.0359
безнадзорный,NGTV,-0.9684,0.0875,0.175,0.6375,0.1,0.0995
безнадёга,NGTV,-1.0,0.04,0.16,0.76,0.04,0.0421
безнадёжность,NGTV,-1.0,0.0,0.1538,0.7692,0.0769,0.0
безнадёжный,NGTV,-1.0,0.0862,0.1207,0.7759,0.0172,0.0958
безнаказанность,NGTV,-1.0,0.0952,0.1238,0.6857,0.0952,0.1085
безнаказанный,NGTV,-0.9,0.04,0.2,0.6,0.16,0.0427
безногий,NGTV,-0.9079,0.0417,0.2083,0.6389,0.1111,0.0444
безнравственность,NGTV,-1.0,0.0333,0.0333,0.8667,0.0667,0.0346
безобразие,NGTV,-1.0,0.0385,0.0385,0.8846,0.0385,0.0401
безобразник,NGTV,-1.0,0.0,0.1786,0.8214,0.0,0.0
безобразница,NGTV,-0.9098,0.0741,0.2222,0.6852,0.0185,0.0821
безобразничать,NGTV,-1.0,0.04,0.16,0.72,0.08,0.0422
безобразность,NGTV,-1.0,0.0896,0.0597,0.7761,0.0746,0.0999
безопасность,PSTV,0.9643,0.72,0.2,0.0,0.08,0.0
безопасный,PSTV,1.0,0.9259,0.0741,0.0,0.0,0.0
безосновательный,NGTV,-0.6667,0.099,0.297,0.4752,0.1287,0.1196
безответность,NGTV,-0.9167,0.0645,0.2258,0.7097,0.0,0.0704
безответственность,NGTV,-1.0,0.0889,0.0889,0.7778,0.0444,0.099
безответственный,NGTV,-1.0,0.0385,0.0769,0.8462,0.0385,0.0402
безотрадность,NGTV,-1.0,0.0769,0.1538,0.6154,0.1538,0.0865
безошибочность,PSTV,1.0,0.8,0.16,0.0,0.04,0.0
безошибочный,PSTV,1.0,0.7742,0.1613,0.0,0.0645,0.0
безработица,NGTV,-0.9146,0.0476,0.1905,0.5952,0.1667,0.0514
безрадостный,NGTV,-1.0,0.0,0.1111,0.8889,0.0,0.0
безразличие,NGTV,-0.626,0.05,0.37,0.53,0.05,0.0547
безрассудность,NGTV,-1.0,0.125,0.0962,0.6731,0.1058,0.1482
безрассудный,NGTV,-1.0,0.04,0.16,0.76,0.04,0.0421
безрассудство,NGTV,-1.0,0.04,0.16,0.68,0.12,0.0424
безрезультатный,NGTV,-0.9107,0.0297,0.2178,0.6733,0.0792,0.031
безрукий,NGTV,-1.0,0.0385,0.0769,0.8077,0.0769,0.0403
безрукость,NGTV,-0.9828,0.0769,0.1923,0.7308,0.0,0.085
безумец,NGTV,-0.8727,0.04,0.23,0.64,0.09,0.0425
безумие,NGTV,-0.9,0.0741,0.2037,0.6111,0.1111,0.0831
безумность,NGTV,-0.9,0.0926,0.2037,0.6111,0.0926,0.1066
безумный,NGTV,-1.0,0.04,0.16,0.64,0.16,0.0425
безумство,NGTV,-0.9,0.0741,0.1852,0.5556,0.1852,0.084
безупречность,PSTV,1.0,0.88,0.12,0.0,0.0,0.0
безупречный,PSTV,1.0,0.7778,0.1481,0.0,0.0741,0.0
безуспешный,NGTV,-1.0,0.04,0.08,0.76,0.12,0.0421
безучастие,NGTV,-0.6074,0.04,0.36,0.49,0.11,0.0433
безыскусность,NGTV,-0.7232,0.0769,0.2788,0.5192,0.125,0.0883
безыскусный,NGTV,-0.7513,0.1538,0.1923,0.5096,0.1442,0.2003
безысходный,NGTV,-1.0,0.0811,0.1351,0.6486,0.1351,0.0912
белиберда,NGTV,-0.9,0.0658,0.2105,0.6316,0.0921,0.0726
бельчонок,PSTV,1.0,0.7308,0.0769,0.0769,0.1154,0.085
беляш,PSTV,0.9,0.6,0.2,0.0667,0.1333,0.0741
бередить,NGTV,-0.9,0.0278,0.1944,0.5833,0.1944,0.0291
бережливость,PSTV,1.0,0.7778,0.1852,0.037000000000000005,0.0,0.0388
бережливый,PSTV,1.0,0.92,0.08,0.0,0.0,0.0
бережность,PSTV,1.0,0.8519,0.037000000000000005,0.037000000000000005,0.0741,0.0386
бережный,PSTV,1.0,0.8214,0.1786,0.0,0.0,0.0
беречь,PSTV,1.0,0.8286,0.1143,0.0286,0.0286,0.0296
беречься,PSTV,0.8832,0.6176,0.2157,0.0392,0.1275,0.0417
бес,NGTV,-1.0,0.08,0.12,0.72,0.08,0.0889
бесить,NGTV,-1.0,0.08,0.12,0.64,0.16,0.09
беситься,NGTV,-1.0,0.0833,0.1667,0.6875,0.0625,0.0934
бесконтрольность,NGTV,-0.8590000000000001,0.0291,0.2427,0.6505,0.0777,0.0304
бесконтрольный,NGTV,-1.0,0.0769,0.0769,0.7692,0.0769,0.0846
бескорыстие,PSTV,1.0,0.7308,0.1154,0.0385,0.1154,0.0405
бескорыстность,PSTV,0.9444,0.6296,0.1852,0.0741,0.1111,0.0828
бескорыстный,PSTV,1.0,0.7,0.12,0.09,0.09,0.1016
бескровный,NGTV,-0.6143,0.1,0.31,0.43,0.16,0.1233
бескультурье,NGTV,-1.0,0.0,0.1071,0.75,0.1429,0.0
беспамятный,NGTV,-0.8491,0.0693,0.2277,0.5941,0.1089,0.0774
бесперспективный,NGTV,-0.9107,0.069,0.1897,0.5862,0.1552,0.0771
беспечность,NGTV,-0.6055,0.13,0.3,0.46,0.11,0.1667
бесплатный,PSTV,0.8697,0.6635,0.2404,0.0385,0.0577,0.0407
бесплодность,NGTV,-0.9,0.0185,0.2222,0.6667,0.0926,0.019
бесплодный,NGTV,-0.8143,0.08,0.24,0.57,0.11,0.0912
бесповоротность,NGTV,-0.6099,0.13,0.31,0.47,0.09,0.166
бесподобность,PSTV,1.0,0.8148,0.1481,0.0,0.037000000000000005,0.0
бесподобный,PSTV,1.0,0.76,0.12,0.04,0.08,0.0421
беспокоить,NGTV,-0.9419,0.0698,0.18600000000000003,0.6279,0.1163,0.0775
беспокойный,NGTV,-0.9107,0.1132,0.2075,0.6415,0.0377,0.1332
беспокойство,NGTV,-0.8304,0.1193,0.2294,0.5688,0.0826,0.1443
бесполезность,NGTV,-0.9519,0.1121,0.1776,0.6168,0.0935,0.1325
бесполезный,NGTV,-1.0,0.037000000000000005,0.1852,0.7407,0.037000000000000005,0.0389
беспомощность,NGTV,-0.9444,0.0,0.2,0.68,0.12,0.0
беспомощный,NGTV,-0.9,0.0385,0.2308,0.6923,0.0385,0.0406
беспорядок,NGTV,-0.8445,0.0297,0.2574,0.6634,0.0495,0.031
беспорядочность,NGTV,-1.0,0.0,0.1538,0.7692,0.0769,0.0
беспорядочный,NGTV,-0.7368,0.0594,0.2871,0.5545,0.099,0.0658
беспощадность,NGTV,-1.0,0.0385,0.1154,0.8462,0.0,0.0402
беспощадный,NGTV,-1.0,0.08,0.12,0.76,0.04,0.0884
бесправие,NGTV,-1.0,0.08,0.08,0.72,0.12,0.0889
беспредел,NGTV,-1.0,0.0,0.1923,0.7692,0.0385,0.0
беспредельность,NGTV,-0.6282,0.0792,0.3366,0.4851,0.099,0.0921
беспредельный,NGTV,-0.7091,0.1078,0.2843,0.5098,0.098,0.1307
беспредельщик,NGTV,-1.0,0.087,0.1159,0.7536,0.0435,0.09699999999999999
беспризорник,NGTV,-0.9,0.0444,0.2,0.6,0.1556,0.0477
бесприютный,NGTV,-1.0,0.08,0.08,0.68,0.16,0.0894
беспроигрышность,PSTV,1.0,0.76,0.12,0.04,0.08,0.0421
беспроигрышный,PSTV,0.9,0.6176,0.2059,0.0294,0.1471,0.0308
бессвязность,NGTV,-0.6083,0.1553,0.2524,0.4757,0.1165,0.2061
бессвязный,NGTV,-0.6696,0.07,0.31,0.5,0.12,0.0798
бессердечие,NGTV,-1.0,0.0811,0.1622,0.7297,0.027000000000000003,0.0901
бессердечность,NGTV,-1.0,0.0357,0.1429,0.75,0.0714,0.0374
бессердечный,NGTV,-1.0,0.0313,0.0313,0.8438,0.0938,0.0324
бессилие,NGTV,-1.0,0.0769,0.0,0.8846,0.0385,0.0836
бессильный,NGTV,-0.9,0.0345,0.2069,0.6207,0.1379,0.0364
бесславность,NGTV,-0.7035,0.0583,0.2913,0.5146,0.1359,0.0648
бесславный,NGTV,-0.7821,0.084,0.2353,0.5126,0.1681,0.0978
бессмысленность,NGTV,-0.7973,0.05,0.26,0.59,0.1,0.0542
бессмысленный,NGTV,-0.6563,0.0392,0.3529,0.5489999999999999,0.0588,0.042
бессмыслица,NGTV,-1.0,0.04,0.12,0.76,0.08,0.0421
бессовестность,NGTV,-1.0,0.0,0.0645,0.9032,0.0323,0.0
бессовестный,NGTV,-1.0,0.0385,0.1154,0.7692,0.0769,0.0404
бессонница,NGTV,-1.0,0.0769,0.0385,0.8462,0.0385,0.0839
бессонный,NGTV,-0.9085,0.0455,0.2121,0.6515,0.0909,0.0486
бесстрашие,PSTV,0.9129999999999999,0.6512,0.2093,0.0698,0.0698,0.0772
бесстрашный,PSTV,0.9194,0.7308,0.2308,0.0,0.0385,0.0
бесстыдник,NGTV,-1.0,0.037000000000000005,0.1111,0.8148,0.037000000000000005,0.0387
бесстыдница,NGTV,-1.0,0.04,0.08,0.8,0.08,0.042
бесстыдность,NGTV,-1.0,0.0,0.16,0.68,0.16,0.0
бесстыдный,NGTV,-0.9,0.0814,0.2209,0.6628,0.0349,0.0914
бесстыжий,NGTV,-1.0,0.0741,0.1111,0.7778,0.037000000000000005,0.0811
бестактный,NGTV,-1.0,0.0,0.1333,0.7333,0.1333,0.0
бестолковость,NGTV,-1.0,0.04,0.12,0.84,0.0,0.0419
бестолковщина,NGTV,-1.0,0.04,0.16,0.72,0.08,0.0422
бестолковый,NGTV,-1.0,0.08,0.14,0.72,0.06,0.0889
бестолочь,NGTV,-1.0,0.0,0.0385,0.9231,0.0385,0.0
бесхарактерность,NGTV,-0.9643,0.04,0.2,0.72,0.04,0.0422
бесхозяйственность,NGTV,-0.9643,0.0,0.1923,0.6923,0.1154,0.0
бесхребетность,NGTV,-0.9146,0.0541,0.2162,0.6757,0.0541,0.0584
бесценный,PSTV,0.9677,0.61,0.15,0.16,0.08,0.20199999999999999
бесцеремонность,NGTV,-1.0,0.08,0.04,0.8,0.08,0.08800000000000001
бесцеремонный,NGTV,-1.0,0.08,0.08,0.8,0.04,0.08800000000000001
бесчеловечность,NGTV,-1.0,0.0345,0.1034,0.8621,0.0,0.0359
бесчеловечный,NGTV,-1.0,0.037000000000000005,0.0741,0.8889,0.0,0.0386
бесчестный,NGTV,-1.0,0.0,0.12,0.88,0.0,0.0
бесчувственность,NGTV,-0.8193,0.0583,0.2621,0.6311,0.0485,0.0636
бесчувственный,NGTV,-0.9,0.08,0.2,0.6,0.12,0.0907
бешенство,NGTV,-1.0,0.04,0.12,0.8,0.04,0.042
бешеный,NGTV,-1.0,0.0769,0.1154,0.7308,0.0769,0.085
бизнес-класс,PSTV,0.9,0.6316,0.2105,0.0263,0.1316,0.0274
битва,NGTV,-0.8390000000000001,0.0917,0.2385,0.6055,0.0642,0.1056
бить,NGTV,-0.9,0.0682,0.2159,0.6477,0.0682,0.0754
бичевание,NGTV,-1.0,0.0,0.04,0.76,0.2,0.0
благовест,PSTV,0.9667,0.6304,0.1739,0.087,0.1087,0.099
благовоние,PSTV,0.9783,0.6,0.16,0.04,0.2,0.0427
благодарить,PSTV,1.0,0.9231,0.0769,0.0,0.0,0.0
благодарность,PSTV,1.0,0.92,0.0,0.08,0.0,0.087
благодарный,PSTV,1.0,0.8889,0.0741,0.0,0.037000000000000005,0.0
благодарственный,PSTV,1.0,0.8462,0.0385,0.0385,0.0769,0.0402
благодатный,PSTV,1.0,0.76,0.08,0.04,0.12,0.0421
благодать,PSTV,1.0,0.7308,0.0385,0.0385,0.1923,0.0405
благодетель,PSTV,1.0,0.7241,0.1379,0.0345,0.1034,0.0361
благодетельность,PSTV,1.0,0.8966,0.0,0.0345,0.069,0.0358
благодеяние,PSTV,1.0,0.9259,0.0,0.0,0.0741,0.0
благожелатель,PSTV,1.0,0.8621,0.1034,0.0345,0.0,0.0359
благожелательность,PSTV,1.0,0.8214,0.0,0.0357,0.1429,0.0373
благожелательный,PSTV,1.0,0.84,0.12,0.0,0.04,0.0
благозвучность,PSTV,0.9545,0.7778,0.2222,0.0,0.0,0.0
благозвучный,PSTV,1.0,0.92,0.08,0.0,0.0,0.0
благонадёжность,PSTV,1.0,0.8,0.04,0.08,0.08,0.08800000000000001
благополучие,PSTV,1.0,0.9615,0.0,0.0,0.0385,0.0
благополучность,PSTV,1.0,0.84,0.08,0.0,0.08,0.0
благополучный,PSTV,1.0,0.92,0.04,0.04,0.0,0.0417
благоприличие,PSTV,1.0,0.6667,0.1667,0.0667,0.1,0.0733
благоприятность,PSTV,1.0,0.7692,0.1923,0.0,0.0385,0.0
благоприятный,PSTV,1.0,0.8519,0.0741,0.037000000000000005,0.037000000000000005,0.0386
благоразумность,PSTV,1.0,0.8846,0.0385,0.0,0.0769,0.0
благоразумный,PSTV,1.0,0.88,0.0,0.08,0.04,0.0873
благородить,PSTV,1.0,0.8,0.04,0.08,0.08,0.08800000000000001
благороднейший,PSTV,1.0,0.8529,0.0588,0.0294,0.0588,0.0304
благородность,PSTV,1.0,0.9118,0.0588,0.0294,0.0,0.0304
благородство,PSTV,1.0,0.8929,0.0714,0.0357,0.0,0.0371
благословление,PSTV,1.0,0.8,0.08,0.04,0.08,0.042
благословляться,PSTV,1.0,0.8519,0.037000000000000005,0.037000000000000005,0.0741,0.0386
благосостояние,PSTV,0.9,0.6774,0.2258,0.0,0.0968,0.0
благотворительница,PSTV,1.0,0.8519,0.1111,0.037000000000000005,0.0,0.0386
благотворительность,PSTV,1.0,0.8889,0.0741,0.037000000000000005,0.0,0.0386
благотворительный,PSTV,1.0,0.8571,0.1071,0.0,0.0357,0.0
благоустраивать,PSTV,1.0,0.8846,0.1154,0.0,0.0,0.0
благоустроенность,PSTV,1.0,0.8846,0.0385,0.0385,0.0385,0.0401
благоустроить,PSTV,1.0,0.92,0.08,0.0,0.0,0.0
благоустройство,PSTV,1.0,0.88,0.08,0.0,0.04,0.0
блаженство,PSTV,1.0,0.9118,0.0294,0.0294,0.0294,0.0304
блатной,NGTV,-0.9444,0.08,0.2,0.68,0.04,0.0894
блевать,NGTV,-1.0,0.069,0.0345,0.8276,0.069,0.0747
блевотина,NGTV,-0.9231,0.04,0.2,0.64,0.12,0.0425
бледнеть,NGTV,-0.7689,0.0594,0.2871,0.604,0.0495,0.0652
блеснуть,PSTV,1.0,0.7692,0.1538,0.0385,0.0385,0.0404
блефовать,NGTV,-0.9156,0.0563,0.2113,0.662,0.0704,0.0611
близкий,PSTV,0.9231,0.6809,0.2128,0.0426,0.0638,0.0452
близорукость,NGTV,-0.7564,0.0396,0.2871,0.5842,0.0891,0.0423
близость,PSTV,0.8193,0.625,0.2596,0.0288,0.0865,0.0302
блинчик,PSTV,0.9085,0.7049,0.2295,0.0328,0.0328,0.0343
блистание,PSTV,0.9444,0.6538,0.1923,0.0385,0.1154,0.0407
блистательный,PSTV,1.0,0.8,0.04,0.04,0.12,0.042
блистать,PSTV,0.9,0.5806,0.1935,0.0645,0.1613,0.0717
блокада,NGTV,-0.9,0.121,0.1855,0.5565,0.1371,0.1473
блокирование,NGTV,-0.6504,0.11,0.32,0.49,0.08,0.1347
блокировать,NGTV,-0.65,0.0762,0.3238,0.4952,0.1048,0.0879
блоха,NGTV,-0.6102,0.0792,0.3465,0.4752,0.099,0.0924
блошиный,NGTV,-0.6504,0.07,0.32,0.49,0.12,0.08
блошка,NGTV,-0.6509,0.1078,0.2941,0.451,0.1471,0.1336
богатырски,PSTV,0.9643,0.72,0.2,0.0,0.08,0.0
богатырский,PSTV,1.0,0.88,0.04,0.04,0.04,0.0418
богатырь,PSTV,0.9,0.6774,0.2258,0.0645,0.0323,0.0707
богиня,PSTV,0.9,0.6563,0.2188,0.0625,0.0625,0.0685
богохульный,NGTV,-1.0,0.0862,0.069,0.6207,0.2241,0.0982
бодать,NGTV,-0.6842,0.0673,0.2981,0.5,0.1346,0.0764
бодаться,NGTV,-0.7627,0.0577,0.2788,0.5769,0.0865,0.0635
боднуть,NGTV,-0.6212,0.0693,0.2871,0.4059,0.2376,0.0811
бодренький,PSTV,1.0,0.8,0.08,0.04,0.08,0.042
бодриться,PSTV,0.9643,0.6667,0.1852,0.0741,0.0741,0.0823
бодрость,PSTV,1.0,0.76,0.16,0.0,0.08,0.0
бодрый,PSTV,1.0,0.92,0.04,0.0,0.04,0.0
боженька,PSTV,0.8697,0.5656,0.2049,0.1393,0.0902,0.1737
божеский,PSTV,0.9,0.7,0.2333,0.0,0.0667,0.0
божественность,PSTV,1.0,0.75,0.1786,0.0714,0.0,0.0782
божественный,PSTV,1.0,0.76,0.12,0.04,0.08,0.0421
бойкот,NGTV,-0.9167,0.0,0.2333,0.7333,0.0333,0.0
болван,NGTV,-1.0,0.0357,0.1071,0.8214,0.0357,0.0373
болевой,NGTV,-0.9444,0.0385,0.1923,0.6538,0.1154,0.0407
болезненность,NGTV,-1.0,0.0,0.0357,0.9286,0.0357,0.0
болезненный,NGTV,-1.0,0.0,0.0,0.9615,0.0385,0.0
болезнетворный,NGTV,-0.9828,0.0741,0.1852,0.7037,0.037000000000000005,0.0819
болезнь,NGTV,-1.0,0.0,0.0769,0.8846,0.0385,0.0
болеть,NGTV,-0.9643,0.0769,0.1923,0.6923,0.0385,0.0855
болеутоляющий,PSTV,0.8235,0.56,0.23,0.06,0.15,0.0664
болтливость,NGTV,-0.8243,0.0784,0.2451,0.598,0.0784,0.0887
болтнуть,NGTV,-0.7957,0.0396,0.2673,0.604,0.0891,0.0422
болтун,NGTV,-0.6951,0.02,0.33,0.57,0.08,0.0207
боль,NGTV,-1.0,0.0,0.1852,0.7778,0.037000000000000005,0.0
больная,NGTV,-0.9,0.04,0.24,0.72,0.0,0.0422
болячка,NGTV,-1.0,0.0385,0.1154,0.7692,0.0769,0.0404
бомба,NGTV,-0.9,0.0769,0.1923,0.5769,0.1538,0.0872
бомбардировщик,NGTV,-0.657,0.13,0.27,0.47,0.13,0.166
бомбить,NGTV,-0.9,0.0,0.24,0.72,0.04,0.0
бомбёжка,NGTV,-1.0,0.0769,0.1154,0.7308,0.0769,0.085
бомжик,NGTV,-0.7232,0.098,0.2843,0.5294,0.0882,0.1162
бомжиха,NGTV,-0.9783,0.04,0.16,0.6,0.2,0.0427
бонус,PSTV,1.0,0.8222,0.0444,0.0889,0.0444,0.0985
борзость,NGTV,-1.0,0.0886,0.1013,0.7215,0.0886,0.0995
борзый,NGTV,-1.0,0.098,0.1471,0.6569,0.098,0.1127
бородавка,NGTV,-1.0,0.0385,0.1154,0.6923,0.1538,0.0406
босячка,NGTV,-0.7,0.1143,0.1714,0.381,0.3333,0.1486
боязливость,NGTV,-0.7435,0.0588,0.2843,0.5588,0.098,0.065
боязливый,NGTV,-0.9,0.0667,0.2333,0.7,0.0,0.073
боязнь,NGTV,-0.9,0.0345,0.2414,0.7241,0.0,0.0361
бояться,NGTV,-0.9444,0.0385,0.1923,0.6538,0.1154,0.0407
бракованный,NGTV,-1.0,0.0,0.12,0.8,0.08,0.0
браконьер,NGTV,-1.0,0.08,0.16,0.76,0.0,0.0884
браконьерский,NGTV,-1.0,0.0,0.08,0.88,0.04,0.0
браконьерство,NGTV,-1.0,0.0667,0.0333,0.8667,0.0333,0.0718
бракоразводный,NGTV,-0.6538,0.0381,0.3143,0.4857,0.1619,0.0411
брань,NGTV,-1.0,0.04,0.0,0.92,0.04,0.0417
братик,PSTV,1.0,0.6829,0.1463,0.0244,0.1463,0.0253
братишка,PSTV,1.0,0.76,0.12,0.0,0.12,0.0
братски,PSTV,0.9231,0.6154,0.1923,0.0385,0.1538,0.0409
братский,PSTV,1.0,0.72,0.16,0.0,0.12,0.0
братство,PSTV,0.9286,0.7027,0.2162,0.027000000000000003,0.0541,0.0281
бредить,NGTV,-1.0,0.0,0.1071,0.8571,0.0357,0.0
бредовый,NGTV,-1.0,0.0385,0.0769,0.7692,0.1154,0.0404
брезгать,NGTV,-1.0,0.11,0.15,0.69,0.05,0.1275
брезгливость,NGTV,-1.0,0.0,0.16,0.8,0.04,0.0
брезгливый,NGTV,-0.6462,0.066,0.3491,0.5283,0.0566,0.0743
брезговать,NGTV,-1.0,0.08,0.16,0.64,0.12,0.09
брехня,NGTV,-1.0,0.0857,0.0,0.9143,0.0,0.0938
брешь,NGTV,-0.6504,0.0588,0.3137,0.4804,0.1471,0.066
бро,PSTV,0.9828,0.6552,0.1724,0.069,0.1034,0.0762
бродяжить,NGTV,-0.8056,0.0971,0.2427,0.5631,0.0971,0.1138
бродяжка,NGTV,-0.7277,0.0792,0.2574,0.4851,0.1782,0.0921
бродяжничать,NGTV,-0.9,0.0811,0.2162,0.6486,0.0541,0.0912
брыкнуть,NGTV,-0.9,0.0741,0.1728,0.5185,0.2346,0.0847
брыкнуться,NGTV,-0.7642,0.0594,0.2574,0.5347,0.1485,0.066
брюзгливый,NGTV,-0.9167,0.0313,0.2188,0.6875,0.0625,0.0327
бубнить,NGTV,-0.7174,0.1058,0.2885,0.5288,0.0769,0.1269
бубнёж,NGTV,-0.9,0.0741,0.2222,0.6667,0.037000000000000005,0.0823
будда,PSTV,0.0,0.0,1.0,0.0,0.0,0.0
буйность,NGTV,-0.9,0.05,0.225,0.675,0.05,0.0537
буйный,NGTV,-0.9304,0.0694,0.2083,0.6806,0.0417,0.0765
буйство,NGTV,-1.0,0.0769,0.1538,0.6409999999999999,0.1282,0.0862
бука,NGTV,-0.9,0.0769,0.1923,0.5769,0.1538,0.0872
букет,PSTV,0.9,0.6667,0.2222,0.0741,0.037000000000000005,0.0823
букетик,PSTV,0.9098,0.6607,0.2143,0.0179,0.1071,0.0183
буллинг,NGTV,-1.0,0.04,0.04,0.6,0.32,0.0427
бульварщина,NGTV,-0.9286,0.0385,0.1538,0.5,0.3077,0.0414
бульончик,PSTV,0.8333,0.65,0.26,0.04,0.05,0.0425
бунт,NGTV,-1.0,0.0345,0.1379,0.7931,0.0345,0.036000000000000004
бунтарский,NGTV,-0.7156,0.1456,0.2524,0.5243,0.0777,0.1861
бунтарство,NGTV,-0.9255,0.11,0.18,0.58,0.13,0.1309
бунтарь,NGTV,-0.8208,0.07,0.24,0.58,0.11,0.0784
бунтовать,NGTV,-0.9688,0.11,0.17,0.62,0.1,0.1295
бунтовщик,NGTV,-0.9063,0.12,0.19,0.58,0.11,0.1448
бурчать,NGTV,-0.9057,0.0693,0.2079,0.6337,0.0891,0.0769
бухать,NGTV,-1.0,0.04,0.04,0.88,0.04,0.0418
бухнуть,NGTV,-0.9112,0.1089,0.2079,0.6436,0.0396,0.1273
бухнуться,NGTV,-0.6081,0.08,0.33,0.45,0.14,0.0942
бушевание,NGTV,-0.8226,0.11,0.21,0.51,0.17,0.1337
бушевать,NGTV,-0.9828,0.0741,0.1852,0.7037,0.037000000000000005,0.0819
буян,NGTV,-0.9706,0.1165,0.1456,0.534,0.2039,0.1419
буянить,NGTV,-1.0,0.0385,0.0385,0.9231,0.0,0.0401
быстроходность,PSTV,0.9,0.6296,0.2099,0.0617,0.0988,0.0678
бюрократ,NGTV,-0.6743,0.0962,0.2885,0.4712,0.1442,0.1158
бяка,NGTV,-1.0,0.0741,0.1481,0.7037,0.0741,0.0819
важнейший,PSTV,1.0,0.6667,0.1481,0.0741,0.1111,0.0823
важничать,NGTV,-0.8363,0.0762,0.2381,0.6,0.0857,0.0859
вакханалия,NGTV,-1.0,0.08,0.12,0.52,0.28,0.0923
валентинка,PSTV,0.9643,0.72,0.2,0.04,0.04,0.0422
вампир,NGTV,-0.7170000000000001,0.14,0.26,0.52,0.08,0.1777
вампиризм,NGTV,-0.8304,0.0594,0.2475,0.6139,0.0792,0.0652
вампирша,NGTV,-0.8883,0.1,0.1909,0.5545,0.1545,0.11800000000000001
вандал,NGTV,-1.0,0.0,0.0769,0.8462,0.0769,0.0
варварски,NGTV,-1.0,0.0857,0.0857,0.6571,0.1714,0.0969
варварский,NGTV,-1.0,0.08,0.16,0.68,0.08,0.0894
варварство,NGTV,-1.0,0.08,0.08,0.84,0.0,0.0876
варенье,PSTV,0.9643,0.6923,0.1923,0.0385,0.0769,0.0406
варикозный,NGTV,-0.9545,0.0857,0.1714,0.6,0.1429,0.098
вбухнуть,NGTV,-0.8298,0.098,0.2059,0.5098,0.1863,0.1169
ввязаться,NGTV,-0.9643,0.0,0.2,0.72,0.08,0.0
ввязываться,NGTV,-0.9,0.0714,0.2143,0.6429,0.0714,0.0794
вгорячах,NGTV,-0.6944,0.0396,0.2871,0.495,0.1782,0.0428
вдалбливать,NGTV,-0.8235,0.11,0.23,0.56,0.1,0.1316
вдолбить,NGTV,-0.7358,0.1275,0.2647,0.5098,0.098,0.1593
вдохновение,PSTV,1.0,0.88,0.04,0.0,0.08,0.0
вдохновенность,PSTV,1.0,0.7407,0.1481,0.037000000000000005,0.0741,0.0389
вдохновить,PSTV,1.0,0.84,0.08,0.08,0.0,0.0876
вдохновиться,PSTV,1.0,0.8966,0.1034,0.0,0.0,0.0
вдохновлять,PSTV,1.0,0.9643,0.0,0.0,0.0357,0.0
вдохновляться,PSTV,1.0,0.88,0.08,0.0,0.04,0.0
вдумчивый,PSTV,0.9,0.6923,0.2308,0.0,0.0769,0.0
ведать,PSTV,0.8455,0.6139,0.2376,0.0297,0.1188,0.0311
ведьма,NGTV,-1.0,0.0,0.1538,0.8462,0.0,0.0
ведьмовство,NGTV,-0.8196,0.11,0.22,0.53,0.14,0.1328
вежливость,PSTV,1.0,0.8077,0.0769,0.0769,0.0385,0.0842
вежливый,PSTV,1.0,0.8101,0.1013,0.0886,0.0,0.0983
везение,PSTV,1.0,0.88,0.04,0.0,0.08,0.0
везуха,PSTV,1.0,0.8077,0.0,0.0385,0.1538,0.0403
везучий,PSTV,1.0,0.8846,0.0769,0.0,0.0385,0.0
великий,PSTV,0.9231,0.64,0.2,0.08,0.08,0.09
великодержавный,PSTV,1.0,0.6923,0.1154,0.0385,0.1538,0.0406
великодушие,PSTV,1.0,0.8519,0.037000000000000005,0.0,0.1111,0.0
великодушный,PSTV,0.9643,0.72,0.2,0.04,0.04,0.0422
великолепие,PSTV,1.0,0.92,0.08,0.0,0.0,0.0
великолепный,PSTV,1.0,0.8077,0.1154,0.0385,0.0385,0.0403
великороссийский,PSTV,0.0,0.0,1.0,0.0,0.0,0.0
величайший,PSTV,0.9828,0.7308,0.1923,0.0,0.0769,0.0
величественность,PSTV,0.8056,0.5631,0.2427,0.1262,0.068,0.1545
венерический,NGTV,-0.8438,0.0392,0.2059,0.5294,0.2255,0.0421
венчание,PSTV,0.9444,0.6538,0.1923,0.0769,0.0769,0.086
вера,PSTV,0.9231,0.64,0.2,0.08,0.08,0.09
верблюжонок,PSTV,1.0,0.8,0.12,0.0,0.08,0.0
верещать,NGTV,-0.8636,0.07,0.21,0.57,0.15,0.0786
верить,PSTV,0.8226,0.6296,0.2593,0.0278,0.0833,0.028999999999999998
вернейший,PSTV,1.0,0.72,0.16,0.04,0.08,0.0422
верность,PSTV,1.0,0.9286,0.0714,0.0,0.0,0.0
верный,PSTV,1.0,0.8462,0.0385,0.0769,0.0385,0.0839
вероломность,NGTV,-1.0,0.08,0.04,0.72,0.16,0.0889
вероломный,NGTV,-1.0,0.04,0.08,0.6,0.28,0.0427
вероломство,NGTV,-1.0,0.069,0.1034,0.7414,0.0862,0.0754
веселеть,PSTV,1.0,0.84,0.04,0.0,0.12,0.0
веселить,PSTV,1.0,0.8846,0.0769,0.0,0.0385,0.0
веселиться,PSTV,1.0,0.92,0.08,0.0,0.0,0.0
веселье,PSTV,1.0,0.9615,0.0385,0.0,0.0,0.0
весельчак,PSTV,0.9,0.6,0.2,0.04,0.16,0.0427
вестись,NGTV,-0.6231,0.0291,0.3689,0.5243,0.0777,0.0307
весёленький,PSTV,1.0,0.88,0.12,0.0,0.0,0.0
весёлость,PSTV,1.0,0.8333,0.1333,0.0,0.0333,0.0
весёлый,PSTV,1.0,0.8889,0.1111,0.0,0.0,0.0
ветреность,NGTV,-0.7703,0.1226,0.2547,0.5377,0.0849,0.1506
ветрянка,NGTV,-1.0,0.0882,0.1471,0.7353,0.0294,0.0988
вечеринка,PSTV,0.9375,0.75,0.225,0.0,0.025,0.0
взаимовыгодный,PSTV,1.0,0.7407,0.1852,0.037000000000000005,0.037000000000000005,0.0389
взаимовыручка,PSTV,1.0,0.92,0.08,0.0,0.0,0.0
взаимопомощь,PSTV,1.0,0.76,0.08,0.04,0.12,0.0421
взаимопонимание,PSTV,0.9,0.6486,0.2162,0.0811,0.0541,0.0912
взаимоуважение,PSTV,1.0,0.9231,0.0769,0.0,0.0,0.0
взаперти,NGTV,-1.0,0.08,0.12,0.72,0.08,0.0889
взаправду,PSTV,0.9627,0.6232,0.1739,0.087,0.1159,0.0991
взбадривать,PSTV,1.0,0.8,0.12,0.04,0.04,0.042
взбадриваться,PSTV,1.0,0.8462,0.1154,0.0,0.0385,0.0
взбесить,NGTV,-1.0,0.04,0.0,0.8,0.16,0.042
взбеситься,NGTV,-1.0,0.08,0.08,0.84,0.0,0.0876
взбодрить,PSTV,0.9545,0.75,0.2143,0.0,0.0357,0.0
взбодриться,PSTV,1.0,0.8077,0.1538,0.0,0.0385,0.0
взболтнуть,NGTV,-0.6462,0.0531,0.3274,0.4956,0.1239,0.0588
взбрыкивать,NGTV,-0.9231,0.0357,0.1786,0.5714,0.2143,0.0379
взбунтовать,NGTV,-0.9194,0.0714,0.2143,0.6786,0.0357,0.0789
взбухнуть,NGTV,-0.6282,0.06,0.34,0.49,0.11,0.0673
взбучка,NGTV,-1.0,0.1371,0.0887,0.6694,0.1048,0.1652
взвизгивать,NGTV,-0.6512,0.12,0.3,0.47,0.11,0.1506
взвинчивать,NGTV,-0.6683,0.1078,0.2745,0.4412,0.1765,0.1342
взгрустнуть,NGTV,-0.9,0.0833,0.2083,0.625,0.0833,0.0944
вздор,NGTV,-1.0,0.04,0.08,0.8,0.08,0.042
вздорить,NGTV,-1.0,0.0851,0.0638,0.7659999999999999,0.0851,0.0946
вздорность,NGTV,-0.9231,0.0,0.1923,0.6154,0.1923,0.0
вздорный,NGTV,-1.0,0.04,0.12,0.76,0.08,0.0421
вздрючить,NGTV,-1.0,0.0741,0.1111,0.7037,0.1111,0.0819
вздутие,NGTV,-0.7696,0.05,0.28,0.59,0.08,0.0542
взламывать,NGTV,-1.0,0.0294,0.0882,0.8529,0.0294,0.0304
взлом,NGTV,-1.0,0.04,0.12,0.84,0.0,0.0419
взломать,NGTV,-0.9828,0.0741,0.1852,0.7037,0.037000000000000005,0.0819
взломщик,NGTV,-0.9,0.0385,0.2308,0.6923,0.0385,0.0406
взмутить,NGTV,-0.6122,0.0385,0.2788,0.3846,0.2981,0.0423
взорвать,NGTV,-0.9146,0.0395,0.2105,0.6579,0.0921,0.0418
взорваться,NGTV,-0.8654,0.1,0.22,0.6,0.08,0.1167
взрывать,NGTV,-0.8158,0.0396,0.2574,0.6139,0.0891,0.0422
взрываться,NGTV,-0.7143,0.1019,0.3056,0.5556,0.037000000000000005,0.1205
взрывоопасность,NGTV,-1.0,0.0833,0.1667,0.6944,0.0556,0.0933
взрывоопасный,NGTV,-0.9,0.04,0.24,0.72,0.0,0.0422
взрывчатка,NGTV,-0.7442,0.1456,0.2427,0.534,0.0777,0.1853
взрывчатый,NGTV,-0.6622,0.1,0.31,0.49,0.1,0.1204
взрывы,NGTV,-1.0,0.0857,0.1619,0.6667,0.0857,0.0967
взяточник,NGTV,-1.0,0.0,0.1154,0.7692,0.1154,0.0
взяточница,NGTV,-1.0,0.0345,0.1379,0.7931,0.0345,0.036000000000000004
взяточничать,NGTV,-1.0,0.037000000000000005,0.0,0.8889,0.0741,0.0386
взяточничество,NGTV,-1.0,0.0769,0.0385,0.7308,0.1538,0.085
видный,PSTV,1.0,0.68,0.16,0.04,0.12,0.0424
визг,NGTV,-0.6458,0.0609,0.3565,0.5391,0.0435,0.0677
визгливый,NGTV,-1.0,0.0294,0.1765,0.7059,0.0882,0.0306
визжание,NGTV,-0.6913,0.1068,0.301,0.5146,0.0777,0.129
визжать,NGTV,-0.7035,0.11,0.3,0.53,0.06,0.1328
вина,NGTV,-1.0,0.0,0.16,0.76,0.08,0.0
винить,NGTV,-1.0,0.0385,0.1923,0.7692,0.0,0.0404
виноватый,NGTV,-1.0,0.04,0.16,0.8,0.0,0.042
виновник,NGTV,-0.9324,0.0833,0.1944,0.6389,0.0833,0.0942
виновница,NGTV,-0.8390000000000001,0.0594,0.2574,0.6535,0.0297,0.0648
виновность,NGTV,-1.0,0.0,0.1111,0.8148,0.0741,0.0
виртуоз,PSTV,0.9,0.6923,0.2308,0.0,0.0769,0.0
виртуозность,PSTV,1.0,0.7222,0.1667,0.0,0.1111,0.0
виртуозный,PSTV,1.0,0.84,0.16,0.0,0.0,0.0
вирус,NGTV,-1.0,0.0,0.16,0.76,0.08,0.0
вирусный,NGTV,-1.0,0.0357,0.1786,0.75,0.0357,0.0374
витамин,PSTV,0.9,0.72,0.24,0.0,0.04,0.0
витаминный,PSTV,0.9,0.7009,0.2336,0.0374,0.027999999999999997,0.0394
вишенка,PSTV,0.8858,0.6944,0.2407,0.0185,0.0463,0.019
вкривь,NGTV,-0.8529,0.0495,0.2178,0.5743,0.1584,0.0538
вкуснейший,PSTV,1.0,0.96,0.04,0.0,0.0,0.0
вкусненький,PSTV,1.0,0.96,0.0,0.0,0.04,0.0
вкуснота,PSTV,1.0,0.9615,0.0,0.0,0.0385,0.0
вкусный,PSTV,1.0,0.7692,0.0769,0.0,0.1538,0.0
вкуснятина,PSTV,1.0,1.0,0.0,0.0,0.0,0.0
вкусняшка,PSTV,1.0,0.84,0.16,0.0,0.0,0.0
вламываться,NGTV,-1.0,0.04,0.12,0.72,0.12,0.0422
властолюбивый,NGTV,-0.9124,0.1068,0.1845,0.5728,0.1359,0.1267
влачиться,NGTV,-0.7347,0.1019,0.2315,0.4444,0.2222,0.1252
влепить,NGTV,-0.9074,0.0641,0.2051,0.6282,0.1026,0.0706
влепиться,NGTV,-0.7286,0.0667,0.2571,0.4857,0.1905,0.0758
влипать,NGTV,-0.9167,0.0811,0.1892,0.5946,0.1351,0.0921
влипнуть,NGTV,-1.0,0.04,0.12,0.84,0.0,0.0419
вломиться,NGTV,-1.0,0.0714,0.1429,0.7143,0.0714,0.0786
влюбить,PSTV,0.9,0.5769,0.1923,0.0769,0.1538,0.0872
влюбиться,PSTV,1.0,0.8214,0.1071,0.0,0.0714,0.0
влюблять,PSTV,0.9124,0.5728,0.1845,0.1068,0.1359,0.1267
влюбляться,PSTV,1.0,0.68,0.16,0.04,0.12,0.0424
влюблённость,PSTV,1.0,0.7308,0.1538,0.0769,0.0385,0.085
вляпаться,NGTV,-1.0,0.0,0.0,0.92,0.08,0.0
вляпываться,NGTV,-1.0,0.0,0.1786,0.8214,0.0,0.0
вмазать,NGTV,-0.8939,0.1359,0.1942,0.5728,0.0971,0.1682
вменяемость,PSTV,0.9098,0.6727,0.2182,0.0364,0.0727,0.0383
вместительный,PSTV,0.9,0.6563,0.2188,0.0781,0.0469,0.0874
вмятина,NGTV,-0.9,0.0741,0.2222,0.6667,0.037000000000000005,0.0823
вмяться,NGTV,-0.6176,0.0891,0.297,0.4158,0.198,0.1082
вмёрзнуть,NGTV,-0.9,0.0,0.1944,0.5833,0.2222,0.0
вникнуть,PSTV,0.9,0.7317,0.2439,0.0244,0.0,0.0252
внимательность,PSTV,1.0,0.84,0.16,0.0,0.0,0.0
внимательный,PSTV,0.9,0.6667,0.2222,0.0741,0.037000000000000005,0.0823
внученька,PSTV,0.9052,0.6863,0.2255,0.0098,0.0784,0.0099
внучок,PSTV,0.9194,0.76,0.24,0.0,0.0,0.0
внятность,PSTV,0.9194,0.6667,0.2105,0.0175,0.1053,0.018000000000000002
внятный,PSTV,0.8759999999999999,0.6636,0.2364,0.0273,0.0727,0.0284
вовремя,PSTV,0.9194,0.7037,0.2222,0.037000000000000005,0.037000000000000005,0.039
водянка,NGTV,-0.629,0.0693,0.2673,0.3861,0.2772,0.0817
воевать,NGTV,-0.9324,0.0882,0.2059,0.6765,0.0294,0.0997
возводить,PSTV,0.9,0.7241,0.2414,0.0345,0.0,0.0361
возвысить,PSTV,1.0,0.7778,0.1111,0.037000000000000005,0.0741,0.0388
возгорание,NGTV,-0.9545,0.0,0.2143,0.75,0.0357,0.0
возлюбить,PSTV,1.0,0.7241,0.1034,0.0345,0.1379,0.0361
возможность,PSTV,0.9,0.72,0.24,0.0,0.04,0.0
возмутительность,NGTV,-0.9,0.069,0.2069,0.6207,0.1034,0.0766
возмутительный,NGTV,-1.0,0.0741,0.0741,0.7037,0.1481,0.0819
возмутиться,NGTV,-0.9828,0.0,0.2,0.76,0.04,0.0
возмущать,NGTV,-1.0,0.08,0.12,0.76,0.04,0.0884
возмущаться,NGTV,-1.0,0.0714,0.1429,0.7143,0.0714,0.0786
возмущение,NGTV,-1.0,0.0357,0.1786,0.7143,0.0714,0.0375
вознаградить,PSTV,1.0,0.8846,0.0385,0.0,0.0769,0.0
вознаграждать,PSTV,0.9545,0.7778,0.2222,0.0,0.0,0.0
вознаграждение,PSTV,1.0,0.76,0.08,0.08,0.08,0.0884
возненавидеть,NGTV,-1.0,0.0,0.1154,0.8846,0.0,0.0
возомнить,NGTV,-0.9231,0.04,0.2,0.64,0.12,0.0425
возрадоваться,PSTV,1.0,0.88,0.08,0.0,0.04,0.0
возродить,PSTV,1.0,0.72,0.16,0.08,0.04,0.0889
возрождаться,PSTV,0.8363,0.63,0.25,0.04,0.08,0.0425
возрождение,PSTV,0.9,0.6,0.2,0.0857,0.1143,0.098
возроптать,NGTV,-0.78,0.0846,0.1846,0.4,0.3308,0.1025
война,NGTV,-1.0,0.0,0.0769,0.8846,0.0385,0.0
войнушка,NGTV,-0.6578,0.1524,0.2571,0.5048,0.0857,0.1984
волдырь,NGTV,-1.0,0.0385,0.1538,0.6923,0.1154,0.0406
волонтёр,PSTV,0.9444,0.68,0.2,0.04,0.08,0.0424
волонтёрский,PSTV,1.0,0.5862,0.1379,0.0,0.2759,0.0
волшебный,PSTV,1.0,0.7551,0.1633,0.0408,0.0408,0.043
волшебство,PSTV,0.8534,0.6535,0.2475,0.0495,0.0495,0.0533
волынить,NGTV,-1.0,0.08,0.12,0.56,0.24,0.0914
вольная,PSTV,0.9,0.6667,0.2222,0.0,0.1111,0.0
вольный,PSTV,0.9,0.6154,0.2051,0.0513,0.1282,0.0556
воля,PSTV,0.9167,0.6111,0.1944,0.0278,0.1667,0.028999999999999998
вонзаться,NGTV,-0.6714,0.09,0.29,0.47,0.15,0.1072
вонища,NGTV,-1.0,0.08,0.04,0.8,0.08,0.08800000000000001
вонь,NGTV,-1.0,0.08,0.08,0.84,0.0,0.0876
вонючий,NGTV,-1.0,0.0,0.0741,0.8148,0.1111,0.0
вонючка,NGTV,-1.0,0.04,0.16,0.8,0.0,0.042
вонять,NGTV,-1.0,0.0,0.04,0.96,0.0,0.0
воодушевить,PSTV,1.0,0.76,0.16,0.0,0.08,0.0
воодушевиться,PSTV,1.0,0.84,0.08,0.04,0.04,0.0419
воодушевлять,PSTV,1.0,0.76,0.16,0.04,0.04,0.0421
воодушевляться,PSTV,1.0,0.7857,0.1786,0.0,0.0357,0.0
вопль,NGTV,-0.9643,0.0,0.1923,0.6923,0.1154,0.0
вор,NGTV,-1.0,0.0,0.2,0.8,0.0,0.0
ворваться,NGTV,-0.7364,0.06,0.28,0.54,0.12,0.0667
воришка,NGTV,-1.0,0.08,0.12,0.8,0.0,0.08800000000000001
воровать,NGTV,-1.0,0.0893,0.0179,0.8393,0.0536,0.0988
воровка,NGTV,-1.0,0.037000000000000005,0.037000000000000005,0.8519,0.0741,0.0386
воровство,NGTV,-1.0,0.0385,0.1923,0.7692,0.0,0.0404
ворчание,NGTV,-0.9474,0.0,0.2188,0.75,0.0313,0.0
ворчать,NGTV,-1.0,0.1,0.16,0.67,0.07,0.1149
ворчливый,NGTV,-0.9074,0.0423,0.2254,0.6901,0.0423,0.0448
ворчун,NGTV,-1.0,0.04,0.08,0.88,0.0,0.0418
ворчунья,NGTV,-0.9444,0.04,0.2,0.68,0.08,0.0424
ворюга,NGTV,-1.0,0.037000000000000005,0.0741,0.7778,0.1111,0.0388
воскресать,PSTV,0.8592,0.5619,0.2095,0.1048,0.1238,0.1243
воскрешение,PSTV,0.9,0.6667,0.2222,0.0,0.1111,0.0
воспаление,NGTV,-1.0,0.0,0.2,0.8,0.0,0.0
воспалительный,NGTV,-0.9,0.0278,0.2222,0.6667,0.0833,0.0289
воспалиться,NGTV,-1.0,0.0,0.12,0.72,0.16,0.0
воспаляться,NGTV,-0.9167,0.0857,0.2,0.6286,0.0857,0.0974
воспеть,PSTV,0.9231,0.64,0.2,0.04,0.12,0.0425
воспитание,PSTV,0.9,0.6923,0.2308,0.0385,0.0385,0.0406
воспитанность,PSTV,1.0,0.84,0.16,0.0,0.0,0.0
воспитанный,PSTV,1.0,0.9333,0.0333,0.0333,0.0,0.0345
воспитать,PSTV,0.9,0.7241,0.2414,0.0,0.0345,0.0
воспитаться,PSTV,0.8628,0.65,0.24,0.03,0.08,0.0314
воспрещать,NGTV,-0.9706,0.0606,0.1818,0.6667,0.0909,0.0661
воспрещаться,NGTV,-0.6735,0.0971,0.2621,0.4272,0.2136,0.1192
воссоединение,PSTV,1.0,0.8462,0.1154,0.0,0.0385,0.0
воссоединить,PSTV,0.8478,0.6436,0.2475,0.0495,0.0594,0.0533
воссоединиться,PSTV,1.0,0.8529,0.0294,0.0882,0.0294,0.0974
воссоздавать,PSTV,0.9,0.675,0.225,0.05,0.05,0.0537
восстанавливать,PSTV,1.0,0.72,0.16,0.0,0.12,0.0
восстанавливаться,PSTV,0.9,0.75,0.25,0.0,0.0,0.0
восстановительный,PSTV,0.9066,0.6471,0.2118,0.0,0.1412,0.0
восстановить,PSTV,1.0,0.7692,0.1538,0.0,0.0769,0.0
восстановление,PSTV,0.9828,0.6552,0.1724,0.069,0.1034,0.0762
восторг,PSTV,1.0,0.96,0.0,0.0,0.04,0.0
восторгать,PSTV,1.0,0.7308,0.0769,0.0,0.1923,0.0
восторгаться,PSTV,1.0,0.8462,0.0,0.0385,0.1154,0.0402
восторженный,PSTV,1.0,0.88,0.04,0.0,0.08,0.0
восторжествовать,PSTV,1.0,0.8,0.2,0.0,0.0,0.0
восхвалять,PSTV,0.9242,0.5922,0.1845,0.1068,0.1165,0.1261
восхитительность,PSTV,1.0,0.9615,0.0385,0.0,0.0,0.0
восхитительный,PSTV,1.0,0.96,0.0,0.04,0.0,0.0417
восхитить,PSTV,1.0,0.8889,0.037000000000000005,0.037000000000000005,0.037000000000000005,0.0386
восхититься,PSTV,1.0,0.88,0.08,0.0,0.04,0.0
восхищать,PSTV,1.0,0.92,0.04,0.04,0.0,0.0417
восхищаться,PSTV,1.0,0.88,0.04,0.04,0.04,0.0418
восхищение,PSTV,1.0,0.92,0.08,0.0,0.0,0.0
восхищённый,PSTV,1.0,0.963,0.037000000000000005,0.0,0.0,0.0
восходящий,PSTV,0.9231,0.6154,0.1923,0.0385,0.1538,0.0409
восхождение,PSTV,0.9,0.6538,0.2179,0.0769,0.0513,0.086
вошь,NGTV,-0.84,0.0297,0.2178,0.5545,0.198,0.0313
впечатлять,PSTV,0.9079,0.6866,0.2239,0.0597,0.0299,0.0649
впечатляющий,PSTV,1.0,0.84,0.08,0.04,0.04,0.0419
впиться,NGTV,-0.613,0.05,0.34,0.47,0.14,0.0553
